72944
24955
13840
15472
43797
75968
59433
54642
39392
35842
76598
43019
8239
83190
21266
12597
22251
72182
21511
31935
13739
6387
53004
12611
45143
2617
83287
58368
58278
54536
60152
40316
67134
88950
30701
76937
35852
50958
20786
36972
66018
29442
16726
10438
27661
94421
81088
3122
75977
97566
30833
95528
81347
51954
63179
22194
6007
63182
74867
42169
11438
44388
12399
84869
49951
4056
81751
39671
34689
1990
53354
1534
93451
82687
69777
1471
31673
11349
40332
43350
65260
84900
61907
43239
99419
71132
77312
41998
39288
93900
24399
70720
51373
7917
65018
18302
90421
57738
65300
55591
89970
74734
10445
58692
13221
950
69498
18340
34157
56503
16501
29701
73888
93312
43037
10928
72915
34905
35775
61543
28191
95568
64293
41884
21485
87603
508
45387
96281
38751
78196
96284
85738
52152
97275
45939
66986
96854
73589
63427
84897
8918
79800
49143
26277
30006
721
28418
8218
16013
25935
88909
51313
97240
51286
33765
75549
15508
35790
12645
26047
63406
32720
5758
73709
81183
99747
95063
63561
34456
88903
37736
7701
31289
57186
4120
57901
19615
59989
8675
6629
12220
83428
21507
67257
59152
32884
76585
22635
16500
9491
17009
69248
16666
99371
76504
56298
71305
82365
64196
27336
23166
49382
38967
8669
3446
18021
82860
78170
63999
1237
96667
24155
73795
31495
25110
24042
69888
70543
78472
32020
43023
63411
19363
34304
29108
5061
59278
48421
85099
9963
43551
35848
82503
86063
8338
45043
20969
24515
20589
33756
24616
9263
87154
44852
9873
35497
77298
99697
42521
28683
62181
50326
96862
11304
81271
69508
91832
71769
86363
51572
40883
7856
45431
40876
78148
90747
40508
94322
19659
98539
95671
87390
11624
69490
77358
12440
82230
93027
60687
43104
31593
74029
65476
15085
28481
69250
51798
46193
37672
45010
56880
46359
38069
4441
53043
72640
13506
95181
45916
90739
96612
1084
33524
19616
77413
38100
35198
59146
29849
68450
97983
47784
82545
89910
69934
47363
11553
73926
33302
87819
29425
37071
36424
60487
78581
75777
43998
54227
64069
72013
81623
93363
6437
93951
74256
88136
51024
29498
66731
11698
4135
94820
78925
42060
82012
23333
57127
99232
42671
56336
8619
54374
41232
68181
75738
85734
81866
82707
5659
21879
20845
44927
65138
36645
83759
89840
93687
51724
96428
15512
165
76724
57626
90067
9630
54547
39198
82912
52332
11475
59899
93827
94357
10630
56382
80231
96447
25552
43336
30440
90873
57623
34006
17608
29183
74169
24465
69577
35594
19817
61600
82613
23599
28849
58552
59875
85209
53822
54518
49534
89659
49743
7321
44923
93375
896
60756
97456
84504
5463
20817
65492
91775
10212
35326
1640
72891
45579
22735
96990
48054
22957
30088
83930
56713
48245
35054
42791
69143
52127
71271
20515
90468
47151
42684
66459
48310
21624
25838
56247
13866
44293
9668
537
34000
24006
63546
85637
60618
79971
27517
75618
75360
33456
83505
20703
42625
80529
9678
63359
46145
37130
20889
75244
87532
96167
29087
58045
26365
10675
21707
23763
80814
92504
55145
99213
16327
6798
53456
7036
66244
29924
14033
52655
48264
51800
74385
49940
10939
60520
27224
50954
63856
91641
66223
70789
8010
35630
11009
28809
75243
66591
66814
7047
39616
7621
85375
53838
21213
23278
25539
32693
56642
51428
18645
70196
40588
46861
69747
1349
77629
68931
87874
44792
91544
30423
12995
8453
67042
44675
28419
28257
5365
77804
16704
48548
20337
4319
98989
46066
3198
54510
26325
29719
81839
15889
50134
84592
91619
97179
37925
94651
47309
4696
33408
79733
24091
98235
82656
48014
45443
40537
91277
40362
47483
32420
75047
72560
85008
89718
35971
16190
1771
65170
74183
54199
3500
23101
44061
4532
66776
61856
87978
89391
48203
28489
98126
45094
72353
91802
63279
92114
15940
99704
74570
60553
86299
87083
52244
34488
27442
10782
97249
10112
48484
54397
15420
60831
48478
44785
76084
6049
69921
26517
65096
27382
98017
8634
17209
27386
63958
6576
20972
75804
868
90995
4794
86250
48596
32926
78252
32774
13312
27158
29948
27692
16677
89768
75198
20333
28253
30608
15696
99109
76624
74411
84279
24107
62404
96003
74500
76132
12591
17753
79635
79251
35373
5584
63334
13287
10911
79534
83073
63548
10966
8975
47716
40400
80559
2764
64933
99382
63122
61703
4649
48894
45695
76405
1504
84456
4248
97604
77359
34897
3602
51377
65511
12137
91189
32006
20262
42808
51760
13193
35060
35429
42479
25643
75288
26474
38970
43475
65146
70452
45860
47351
97398
13350
75948
23202
46571
3583
21659
10032
15519
19778
8199
444
77628
51151
73480
36181
76039
43091
3411
37199
87031
86570
26588
47194
73828
79243
99754
407
54265
40732
57689
51622
84756
51481
9251
78567
26029
67949
83913
71439
43252
18818
62023
90233
2200
76193
30039
59058
60533
43025
8154
47207
81054
23642
41912
92739
11899
90458
83377
69776
93928
89786
81139
64011
95905
22915
19774
32660
97717
75058
60078
4102
42115
1400
40843
34503
81369
28012
80208
9046
36577
35492
7559
96860
72549
92990
36391
10511
55132
78576
81929
34919
64127
52741
236
76332
67256
35959
46957
91334
99675
73482
74745
2179
37194
10206
41208
67664
89969
56688
23768
59501
3611
99534
15300
47569
75781
2778
95094
88963
36511
30122
44438
43178
65771
86069
20076
10043
98157
72451
38438
14059
80604
60828
1937
55328
69036
43041
69544
85718
14283
58344
61938
57330
22105
17929
28526
23521
11359
13602
11056
13728
23628
8881
68250
38992
28643
92160
81900
45182
60726
98586
59897
52379
9689
51527
82879
4769
54282
91380
79456
80465
37702
45670
60725
74426
45658
57388
91153
63783
68311
65557
85164
2134
81349
85244
46007
13871
28479
35349
95871
41739
94628
63722
35163
72605
35548
32061
30764
33389
61492
68783
96821
21664
221
17528
88832
54726
50260
79196
6815
44173
96565
5979
1858
32558
88696
62874
92688
50746
58783
40761
49135
82877
63115
44404
82053
14127
26842
27433
50701
3267
19304
42720
67581
97513
50728
58252
16003
55884
9538
7750
55442
78199
44773
80719
7166
47625
18464
16207
80591
51487
16026
48609
49441
31697
27330
31617
72952
70152
2886
5409
21044
73757
90259
26361
37619
42763
99205
73562
20775
52289
3060
32851
20238
35554
38262
59089
70931
6185
60364
7289
2992
90773
65968
91022
62867
74605
48059
12362
65166
16886
92362
68059
37215
61670
48122
62549
29036
94850
89639
6193
85114
67019
90416
62625
12866
35231
6643
61050
43247
34880
6089
47591
33671
94295
70872
68558
21142
33377
49076
88522
37209
52570
11354
24356
46198
19558
98582
4243
10958
75122
30617
71455
98400
55943
9
51453
40355
20832
22163
91921
66800
79189
82685
36469
16107
2102
33983
42800
18740
57486
40322
80194
70683
29625
90878
38087
13466
22607
48785
13965
9546
49388
47408
69956
19670
82522
99149
32862
4790
14981
91807
41984
1877
60864
14753
48292
23609
90483
90108
96551
73598
16084
21528
19651
71678
47046
78480
68178
32230
80323
47439
92489
5863
49660
4528
3851
24346
72308
34058
6166
40423
68819
8542
65109
47855
83277
88366
20750
46848
53716
76939
79481
95206
67095
36267
23705
95533
62236
73918
97549
46498
75069
37748
9199
16335
47372
56284
36472
64724
75383
27563
39824
8988
66264
67366
84156
56166
61488
90733
96768
20907
74188
36423
52657
88179
68212
10405
73883
17297
8576
45359
25236
39665
50117
90404
65085
46479
54657
93857
2869
25800
9947
89093
34588
11099
48457
93875
3121
54659
28089
88619
70162
83222
72819
27757
98367
6386
40141
30256
7795
11125
80332
98947
40451
40373
36508
72542
81470
28140
39155
57672
71656
88691
86775
85004
22394
74226
78529
99488
44549
22039
5801
95680
31677
35890
88786
69061
79477
21683
14265
55432
10230
33379
81537
41496
10282
3990
63473
57583
63744
10970
80424
43030
85827
54524
59391
59282
30529
87496
92083
79681
56767
49013
45243
81745
47426
64550
59862
73575
40492
30999
91318
30790
74387
73856
64115
39263
70299
81080
59337
50578
41024
64745
42563
41278
43560
92716
20696
34655
24663
5335
63734
49168
41883
7477
61269
18103
53381
49478
45600
77742
64212
81031
38807
5253
94518
5207
19688
87955
6019
61728
30705
42466
14905
9879
44206
50328
33180
38718
18887
27174
4747
95666
6310
59064
51714
37180
63523
96436
39028
29538
39917
74009
22605
23509
12678
82161
38787
75616
41263
89084
88919
11402
42155
84834
59810
89221
91355
47529
94091
37818
87001
82767
23474
19151
64075
73530
71426
25556
3163
71063
15756
8554
73153
51109
61753
55497
5838
29418
17225
98276
76189
69111
11068
21977
60019
8657
6148
29305
26048
83535
21603
71528
30116
51963
18979
84406
67840
48953
32090
28378
42728
7965
69741
96757
40858
81603
58184
77048
11495
2649
25487
51639
63834
31160
88317
91891
66396
89783
38471
37928
45856
85905
54760
29285
76168
7790
32311
42189
51108
50163
61187
29918
14437
42224
41615
7814
38351
41022
35268
31791
4952
29568
31467
54714
50517
16480
71284
29879
65294
64002
42695
52329
65549
43543
99554
51922
19374
16291
46740
42525
91547
86850
47834
20584
51033
83351
36569
1121
48430
33170
78609
45126
4613
32080
50075
83071
29713
73110
27168
3194
87634
22771
6680
70596
66571
21990
83642
24725
41460
93662
31046
82470
22717
5194
98393
38609
85492
16461
57577
86044
99035
26964
67472
66788
73325
25857
69636
28902
45967
53443
85921
29114
12755
71858
79898
94375
256
9537
88587
32551
76325
56465
87032
98018
40065
46660
87241
11156
93251
17273
97575
85801
9499
44528
53891
20862
23563
12931
24007
28854
44325
41736
29942
17055
32736
75130
67608
56283
11714
84393
44627
25466
90501
97293
54734
82494
33763
35597
67716
72864
87185
62408
64344
88774
72927
37274
47825
75042
82249
57662
88640
30129
58557
35128
73656
1235
58996
19627
69819
2544
51584
39445
26773
56940
61643
9172
60471
55
35279
12912
5060
50177
96283
67230
91592
41807
30106
79023
2167
22478
84145
47159
74087
33306
59428
74649
93403
74157
11342
24605
20383
80482
17126
39320
37542
60086
34335
57217
25084
70770
87889
59836
24867
37099
13303
86764
99877
74940
83693
84849
10144
96374
9869
68244
46775
32039
70208
53259
2099
86531
76577
81432
78277
59456
43062
20355
1299
45049
21181
86972
93379
73507
89433
50270
65237
231
92775
17213
91299
14688
55199
3814
6339
43481
62035
81962
88629
44254
49242
84288
78888
32624
215
14696
677
80838
310
15592
52550
82901
72773
53157
82553
68905
51915
16455
54917
66936
59911
93524
12556
36032
73149
69060
59044
15979
55452
57532
14803
96633
62156
29380
71157
1246
54599
17259
62515
53563
8131
54736
16128
56869
76153
54253
99898
29973
50759
89125
68866
96056
52503
95511
97907
66265
85271
3150
54462
15393
2338
9695
44876
12998
62812
49595
25879
37046
9827
64500
21480
3708
33804
36377
79651
53457
32780
20335
66951
6047
30652
48820
90953
96213
91679
2812
75554
91558
62171
78442
37649
56098
15341
28885
66389
68499
23676
8046
28564
58532
19184
13750
98543
55625
58922
77319
50555
47332
93082
76921
71963
46663
44972
25958
67030
41702
61654
82031
43520
25884
19687
69949
3337
91685
6075
11436
99300
83743
15924
28945
72174
92191
1522
91398
71610
7171
31016
79906
42037
89477
92957
69950
18403
70762
67077
22953
58279
72108
75641
49825
82546
4671
15969
96805
55029
39318
99809
37486
7713
29740
34572
37156
57567
91903
64285
9600
43483
95327
6985
4318
81241
70978
92573
19470
23337
17868
3464
22258
77606
74981
62307
68613
40907
98933
17705
56539
28993
77003
46402
52635
56852
84580
87649
72498
27578
774
20844
12278
55254
29044
24731
51308
5438
5105
12259
30555
28750
97809
12228
18123
92074
39336
94844
83256
39347
93091
27504
51083
21985
94567
40543
95048
13048
94013
20384
74308
54278
24883
94948
30965
8585
95393
17789
69254
7363
51335
59900
15080
50988
34686
50140
76048
89597
98732
39907
99481
16776
49265
68873
19488
27035
75970
90192
11301
43868
76727
5115
74519
98289
89414
24071
49149
23766
30464
98421
3785
23311
81120
37198
67254
6991
99298
44914
43804
95384
63004
80649
23104
98353
55862
49774
26090
87750
65474
87299
77258
41432
22774
49563
79291
3689
11928
68612
24003
3615
61331
63985
58315
68952
39439
40619
62661
7134
96793
52168
53542
58735
34336
74368
63840
28711
27921
58868
65101
13734
33353
55519
79307
67978
72036
78056
42713
60627
28405
99518
37279
25490
3433
7222
26618
52020
82084
40460
939
92079
22452
39305
87339
49614
34427
95961
69612
33165
90327
72569
25458
66863
29083
79657
57034
43330
27851
80392
7497
2210
51384
90275
8633
97872
84360
87647
36236
99855
5756
48918
48392
95450
66634
76614
3128
79785
1630
4265
85012
52706
4704
58264
15912
25605
36284
8070
28986
52694
5404
22180
75263
8265
12029
68600
28425
26905
86573
18157
66469
13297
82892
17196
5541
33275
44796
61929
15520
49462
78417
9190
54117
24175
98091
57593
38363
42639
19689
7177
28596
6200
4753
85187
88149
74982
75384
41948
6278
11570
65207
93549
31138
24170
14835
37525
62309
97728
61479
50730
96198
50662
57167
82975
23148
35264
64611
84581
13481
78736
80749
4860
85497
96555
49532
61475
82169
72558
45798
98553
28867
53093
5607
38144
76347
29836
47136
85563
16042
19977
51246
63959
24410
42977
98092
81061
54421
25197
82112
9739
77718
69484
80609
55459
64797
5958
45375
91541
70754
16283
71237
34975
14149
96001
41286
69220
50287
44190
75309
82153
92138
7386
33175
57046
43146
32274
15431
49882
35826
20265
91077
71608
82339
22153
17535
7572
59202
69770
83270
76999
77489
9793
99936
58981
55946
64429
25832
52201
24203
76020
23085
46786
3468
225
83359
66321
26650
2383
56113
66808
3786
43193
26561
1396
76185
95608
21316
52353
63845
12040
63368
90977
96517
99621
79396
58366
23491
8527
21175
78076
76594
26928
67118
21442
69104
87025
74344
66784
95800
51990
69996
78292
13543
9429
76066
98891
6347
84439
23366
11615
6827
48583
13666
81348
71871
540
86620
78866
49248
82204
61309
86373
17881
18881
20954
60735
44671
60857
88842
15740
42944
43698
17683
93577
991
68975
6464
36853
68686
75605
58235
20060
51732
27688
40988
61510
65006
23177
29746
32525
37804
62658
65223
72476
58986
44490
30348
42206
36333
39621
92671
67057
90194
34602
45018
89332
52425
75861
61681
72221
82480
97990
54500
52900
47942
41752
7642
46085
25262
66031
40939
41299
86426
5366
83138
46554
18013
44538
31916
97778
2265
81619
27080
26064
48036
12152
35677
7569
13347
29329
18367
83471
54074
93612
79642
94265
62094
79160
47502
47531
28394
7403
31808
83891
2105
82955
74742
41242
31361
64928
7820
28845
86160
48488
11536
85968
10847
98958
31661
18997
83499
29104
37506
51398
14399
8887
69725
31646
56131
58039
35345
26200
31810
22729
97844
1045
63616
58488
37948
77639
41048
80064
92600
71110
784
85320
18357
27781
99164
88058
44296
62164
50792
30017
82173
39960
88692
98270
61399
4370
47809
491
62948
34272
2762
20503
85666
42828
96635
91600
61386
82819
97181
71670
19822
39656
53282
75942
12593
49319
84688
11074
17220
9130
47627
48930
40202
49867
92992
65776
69139
80496
56521
17183
93140
50321
18593
80810
25804
84730
6348
92323
21380
32856
5020
71256
69389
92301
55812
2771
80508
57360
13595
85797
38276
84888
67657
75339
75321
74858
94480
74995
91915
71626
87609
93044
29809
93566
5125
38519
72639
98941
37586
86610
13515
50398
8559
59972
12945
67153
7273
46081
65569
87860
12464
79149
10873
37965
59735
41699
20537
61414
46521
80284
89761
43780
90340
95779
9483
81774
22575
7819
16818
65194
85351
49745
35829
58163
10197
88140
12140
34394
39812
2308
90048
90897
59741
32407
43503
27097
1548
25562
17251
36861
1219
81004
84857
45237
70135
13335
28170
86557
7326
37137
37362
20605
5933
27428
71116
8654
44344
75394
10818
23441
58730
50833
18782
57294
15262
14604
51933
17862
98755
12421
56196
65540
3052
4177
7463
28451
71445
32937
62949
45652
45553
95084
17090
33114
41394
89767
62798
11861
47181
45339
99288
80174
39132
81154
7050
96686
41712
32701
93006
77
7976
60769
10548
82245
51617
743
98557
90604
36319
95952
16249
97594
1793
39772
38335
74023
71012
53983
72244
62158
51243
8812
9154
47877
49261
3104
67995
48832
1314
87266
31572
13844
72851
73631
69706
15278
77814
72980
29332
69610
828
28799
13617
66575
85746
77310
10118
59570
62300
50683
3206
86817
85789
13251
8181
99318
77076
78533
67544
70849
14800
35619
33020
56970
72324
7694
14469
71546
36841
62572
22722
87592
1915
319
62350
83386
16098
50721
38009
95736
86836
641
78470
10293
94125
3034
6597
72454
98409
9206
30822
21597
77619
8195
43702
76049
10322
76563
60604
34353
50805
62670
66539
92693
43567
10103
95445
85566
55588
40960
98259
85481
37430
78059
421
80816
35370
47993
3056
64844
96323
51986
6210
81290
2584
29633
25311
72769
93521
41597
9033
12288
25560
70238
49906
53369
40186
88379
31335
34113
26119
47537
30030
96585
49204
52098
77283
10239
82116
78278
67282
80851
25677
51433
12285
80370
31586
58095
69913
82329
52348
81609
65580
64884
78850
91493
64074
53385
19465
48578
29455
34746
58604
25122
11143
78021
49177
97851
31981
90813
35528
98720
33830
64826
97480
86778
21467
83259
90544
21222
19189
12315
72292
73493
52819
94630
649
22524
47438
67926
823
33476
22819
20430
64733
32187
52918
70258
93710
24248
24142
46562
50201
4625
30247
52640
87632
80380
5943
83248
96402
81698
47416
98155
34948
48819
80039
66766
54
15204
31640
52971
58454
1592
58812
26854
21694
2754
85215
57690
71427
41127
10747
23410
46060
2250
14348
51077
30993
83627
70827
45152
48040
86929
60860
36379
2572
40792
76331
52438
95467
59401
29037
11461
18053
5171
7611
25309
56148
56725
56646
23277
1309
4854
78126
16483
24555
94452
95163
49584
36003
85616
93548
7782
2255
12993
79668
31595
1616
50528
33591
48618
92580
39459
68630
29745
6231
36605
30104
40940
65600
98104
84333
45931
35549
64393
13366
38976
45187
30239
17217
62975
90370
90983
5182
1806
59294
15446
56831
35671
14667
7187
57842
23254
20947
55198
83907
74209
83543
56099
22108
56458
62751
17401
54230
20159
3338
4964
38857
49229
74438
43020
11559
68365
73485
68839
32771
73135
38461
3344
9644
96237
97097
57547
64651
56365
4218
92733
19335
66730
88110
22934
49256
15694
75054
95233
21451
23096
64005
91346
4372
83793
58628
33976
24119
53414
7257
77993
91253
29788
35656
50537
51530
43455
20403
15035
89266
51150
46462
67737
26465
82837
90911
90090
92051
46027
55375
66712
98025
48510
86869
56826
50845
29197
3341
66594
6861
12217
23170
12076
61882
11784
57925
9807
21107
43180
13471
8885
34515
82600
14466
28690
75375
94511
92198
14027
47101
98117
2817
60055
18207
8393
69781
78790
80330
60768
99123
97614
41165
33957
98560
44503
37066
49804
39709
73712
36044
79641
88371
983
32790
92799
20495
49368
99096
54387
53686
66670
86694
10482
74739
4984
69405
47712
65221
31341
35832
9597
2848
77438
52538
87233
83378
88938
24738
62735
48391
84762
51783
97547
16373
86122
12862
95242
73465
81557
86178
52857
42426
28067
6207
23372
98212
93534
68111
2185
31168
23891
20993
17391
86019
65326
2587
91817
19346
37541
39796
35773
25979
20481
24982
58093
47557
70944
16865
39236
22518
5310
50200
89751
90068
22481
39594
43137
86429
56136
42460
7157
89692
99056
76367
66793
61913
41543
92960
27340
98160
18159
98046
2503
72564
41154
54962
24112
46300
41629
36871
67951
17546
94546
83807
5354
89057
33022
90555
970
10132
82187
75762
90711
31019
31223
48467
69135
7733
78003
55685
65026
54597
81540
97744
19750
37200
98512
42611
35831
1809
9596
74581
49792
30553
97092
74839
86461
94882
35490
61844
80553
86449
4089
34774
36549
66846
45884
45331
51769
50712
85537
76547
83949
78774
7148
70911
60623
54020
85456
10932
39447
63951
87742
38044
89032
11400
99986
6613
56091
98851
28370
7848
98881
66247
83567
60881
95975
90405
85170
98753
89036
81825
90157
18864
35843
91729
45025
20009
91490
20166
26393
73610
21337
5252
38306
94063
58308
50873
2521
72003
16389
41271
15754
80635
85787
78002
1822
25150
88343
31575
72488
72344
48748
89280
86914
17099
73584
94771
69649
61231
71517
48553
6814
31110
59995
697
14788
44039
45812
45409
67474
5043
56340
75795
43209
1711
62263
16934
12427
65807
78571
6711
91008
19177
95650
40703
69071
44971
6596
68850
25255
52957
22436
82287
46913
44151
26499
60053
84246
73857
69365
74812
43587
39599
28399
98554
47197
14591
33272
96756
17215
32251
25626
86730
28225
70741
13110
37101
45251
10859
5238
38913
86280
54350
41564
54261
29869
91177
63906
37729
87655
73158
27148
69749
41246
4655
42620
2783
79062
57891
45059
93779
89814
57548
84867
5316
57206
40157
3832
16410
99650
62613
3941
22568
95780
21844
19400
50061
53974
16116
67437
82913
80793
48643
18652
75031
2413
55713
34128
71773
57825
36268
48641
88079
96355
79103
47242
72363
63920
68623
15478
41372
23340
68788
75162
14923
9496
5348
88879
36180
66869
33418
36217
82706
99971
54447
69097
68687
83527
87631
68209
41409
49580
75367
43985
39070
32426
74979
39115
82686
55656
80997
68552
14781
21682
97188
87364
77177
75332
70317
84970
40112
49634
66997
83808
8808
36681
81653
92858
11152
36821
42975
58761
64214
10994
70691
66913
74142
64408
70622
12378
43248
51806
82867
95223
56312
9997
13902
44236
49281
35480
93705
49019
30307
65964
21672
32833
6964
40970
68427
11606
63952
7875
58466
10402
26460
3531
44810
92481
81994
85733
73025
97622
73890
30691
6974
8629
23538
91063
50538
60744
89741
18989
37971
62857
9902
27384
27281
94196
3311
49555
47042
4453
44316
90414
29778
75079
10813
43771
43508
15333
98037
46647
76436
14525
12773
84242
5478
87607
69341
80774
18405
29066
6216
76639
29022
63678
5372
89552
8018
64518
14766
63937
63210
37286
52382
51902
87435
64623
88394
81101
25853
9887
69429
54938
18334
40829
94688
18607
31134
48805
45398
84955
99135
9059
50202
25188
32632
30062
44987
73019
99312
88272
45558
65074
59531
11510
49524
27169
14799
31865
34343
93099
57855
39251
79749
4241
85438
4084
50541
21642
37883
86245
78109
37838
18915
359
45189
71248
22612
32620
33599
78200
63737
96781
38863
56895
13480
54316
69696
40696
51219
9494
74976
77569
99843
10492
33719
97847
58117
37166
32497
58774
76645
28024
90392
61579
21988
51706
97937
69504
17661
27611
41404
61867
65606
97339
17716
43613
89899
86580
6369
41187
10363
69018
55793
77567
30257
16086
62260
68610
92896
54063
5734
75576
61823
28081
41795
21255
27376
96345
14382
24029
38052
29683
69069
12151
29190
89053
67658
98
60882
10095
63496
50533
78781
20790
15570
86871
98135
94139
38527
12873
58796
51552
8996
3258
70579
77518
97402
85596
61809
89252
8343
18122
68222
64773
12060
1111
77916
93075
54333
42971
98261
24495
79614
21709
63061
32046
90708
74815
79445
93287
27346
86544
708
67
30174
19527
91039
39222
79135
76472
15440
2531
40923
75395
24302
36743
15578
13278
80181
63729
62740
43781
6782
96134
43294
26371
6757
71673
63624
90889
19926
88746
7783
17679
34513
51075
93412
26012
78509
61354
46489
23017
47908
60123
53304
52037
61004
63078
16775
40669
918
38163
91598
37712
7315
42201
46750
5481
31909
74187
23285
40172
53523
32235
54045
7095
43501
98380
10481
56273
54728
94208
8589
54200
19036
38764
96188
63018
17735
76245
3737
19497
87359
88099
38534
20896
89971
99969
14582
81373
92979
49078
37705
99595
29777
43974
53338
76155
91781
10435
81935
32276
54750
56268
70285
40934
53846
56872
20375
34832
98892
24274
58588
61798
3876
56910
52704
64657
53094
32358
21150
59778
50123
92278
66166
9836
11693
18430
50807
96163
45077
80944
87490
3589
21370
54070
29566
5918
75913
28063
44855
59190
81409
97555
45906
15436
34308
99719
79374
98183
4558
15950
70670
17550
58816
98432
87384
15668
24129
27182
40769
82962
128
60761
86472
82152
84840
61554
6771
11661
90976
74730
51032
76421
59859
12609
13736
67783
90250
87120
69909
15112
79517
91982
86518
53296
13564
62918
38111
19991
89939
56037
77770
38160
46404
85910
39944
12878
35614
47558
77478
37765
94122
49514
59127
14335
27749
73902
34635
97583
25478
3865
59395
20389
77581
53850
32310
26269
90095
73378
20952
28080
29557
48771
62895
50997
79533
59447
90428
65182
83258
68305
69752
91638
10704
7486
21658
917
26611
41821
64257
39721
77760
62992
67630
27586
32691
16570
91108
94959
25609
97725
6014
81888
47960
34772
95587
84910
32066
24674
94773
49310
30731
78631
2684
18925
70194
15191
6737
30475
81674
46371
28092
28785
74707
51977
48755
2325
84495
58177
45414
51131
25615
97191
32918
45487
78352
26869
91642
70628
253
62688
63925
52412
59040
51952
31653
74831
52210
74587
35156
52671
11020
9421
38547
48414
65233
42970
70240
79754
85879
16642
96522
92474
35468
94524
12309
74859
20105
95483
21540
21482
33926
74898
77407
36079
61208
90409
50191
27848
33611
92987
73642
53681
87221
67683
7493
42059
65099
83329
69586
85950
7428
49909
95609
49629
90303
66098
78895
48849
75833
80415
92734
34142
9915
42257
97257
38315
74059
71503
14391
75118
73235
23236
24614
87312
97351
20801
4523
16842
52987
30136
91219
66407
50298
30053
87318
99587
98931
76849
63517
91411
93990
35038
76203
10617
43597
17691
23384
99903
14408
46187
37141
15812
55395
36351
29902
55539
19576
15314
85032
83556
80547
15411
8128
14692
29343
53359
84483
57236
39011
35604
75209
4920
99604
84376
62519
27508
16615
40501
80172
1557
68232
45900
17399
26204
9647
31801
70574
5932
173
17074
64242
86992
20041
29244
99977
48126
36958
37711
88011
51631
43981
61473
48411
68923
48802
97221
38330
92772
58848
35088
12437
25974
38866
96315
3549
60522
61085
22886
39160
49706
77122
53916
37135
8053
51051
90687
20279
17640
72191
76371
30687
49569
78955
58501
92346
2849
95113
17478
46291
98837
90467
22164
8294
96469
7762
62220
98639
66310
38258
90519
2598
70157
97235
67140
92084
9365
92752
35561
51059
21151
81517
9482
61620
12770
24115
92732
89559
65446
9856
59184
69918
75993
70289
14982
98630
16626
38599
12047
81233
36910
37106
24740
711
61816
10706
43278
57118
59619
79531
39674
86513
79457
93997
11711
20937
75703
4194
92826
80362
99340
58858
2296
4126
58124
53070
15062
64043
37873
22667
59414
33240
55969
45439
66820
10540
42711
30160
91260
54678
49911
22465
61011
76647
61621
29499
72985
23545
8348
2136
12345
75364
4128
82886
12322
99184
21957
33028
80949
62425
51604
91211
37353
69312
96339
18702
21954
72083
56730
5430
72903
36481
18771
73129
33801
87968
26353
5614
60660
82037
51111
2164
77174
25041
61105
67411
37825
471
22848
93922
95687
49696
18978
61908
49313
85895
96424
35678
22650
73514
5223
91309
72661
66531
43881
84065
30507
21833
49312
65620
34627
64531
43619
86709
69558
17523
5722
81262
28464
83583
30454
23008
86804
67908
93309
84938
696
10121
8055
78360
52336
78371
39681
3633
68764
78764
44339
79975
88954
7791
50457
99399
46487
84630
28748
64897
82678
22183
22402
99828
49567
55939
45327
83774
50408
86498
24199
2187
61362
83526
70767
43736
48742
87972
96016
84008
76952
89267
52461
92197
96230
74625
88471
74767
96107
9903
41659
52207
18301
16995
28597
13833
93561
27055
9620
82869
24562
3036
29356
71188
23123
17925
64673
33016
78659
78908
69721
69521
87432
24732
11892
77863
1831
78248
77939
80648
2906
51935
40767
57244
66959
41672
62137
9007
84954
72946
57314
43673
90119
86904
48834
24291
55903
37677
18901
70907
94011
83291
26314
56201
44382
14730
72195
48893
25601
66288
60402
46106
77645
41787
95012
17622
78013
20835
62277
62546
70758
98711
74606
67988
33879
87439
31852
24299
81940
22217
87013
72631
77601
2024
32814
93603
33702
9126
89652
30148
91537
15554
6571
38019
67326
13377
20649
45017
72145
8594
42133
11855
42362
59743
77207
78957
87524
60771
38506
61531
24948
90748
49681
56608
89099
36492
98873
7553
47916
98939
12743
72517
49014
52073
61618
88632
52553
37360
91626
8350
45360
43811
18297
16580
64476
6885
20920
97469
4288
68016
9519
91283
40825
19146
91601
85927
32706
73229
15021
8079
87841
1486
77752
35638
58434
66664
86016
21530
43434
75555
4937
78636
87983
83512
34797
13653
70476
57168
97424
55060
78620
26176
34036
27800
32901
53957
22049
79740
44096
6599
5739
68082
25324
40489
3061
59003
27450
39617
25948
94260
79261
96365
51042
40371
92369
86264
91893
95534
78661
5964
35315
23799
87117
23600
32327
13944
50880
9324
15581
59980
56161
77139
29065
84847
73247
22008
81899
24601
55805
83269
64252
41892
55407
96466
40980
37119
42862
58869
82146
89886
66186
49641
93074
39189
30504
77523
82357
28284
57581
36432
96708
20089
37529
41274
74548
92500
92968
57792
83166
23230
24307
20093
6175
85523
39949
4534
957
92609
20901
81437
68944
98425
79600
90406
3191
43431
23651
98945
6378
3765
84300
85059
32577
11218
35122
88015
22681
96639
48830
57769
97859
68000
38646
2663
62822
8755
44108
4679
48236
85425
84975
26547
66120
47735
61729
43456
43831
47097
42676
28589
78635
78270
45115
28592
28840
6332
28817
15052
83947
51410
24734
97
38318
28912
8066
64111
83354
90649
87779
54525
40388
87417
68800
83616
84452
30572
14017
84417
86109
91494
92200
47581
62753
53692
81801
86480
18135
93371
30708
90412
2241
72525
89051
29147
55260
76258
29027
91042
99067
69678
37006
37810
53937
90447
97349
95476
8779
51339
23564
35526
73604
15913
51786
43339
83436
59543
12379
45779
91129
45626
22673
53237
21398
28131
89087
33738
15162
18274
28272
64502
46584
11164
37875
56676
30563
65048
28386
78917
10170
33511
76834
12298
86257
69873
16183
87204
83490
67871
74919
23912
79574
57924
46690
92554
1062
53119
46501
27363
73249
63964
16517
98054
41566
88599
38761
33966
45494
705
49188
76707
78209
14798
12857
81673
30011
80145
60739
15467
51688
94587
64835
55374
48498
83284
3803
16279
909
89028
46967
49374
7996
89557
26182
37390
89526
5664
95870
39634
10960
5888
58218
77061
16154
2655
29102
6722
73816
91989
323
36349
15540
79449
58793
98635
3088
2312
61846
18563
82967
88719
50139
58673
88861
82481
9487
49279
14920
57088
49398
2275
39707
37786
51331
97242
97244
23657
90002
9082
45009
72035
57023
61216
22443
97909
94120
2492
90283
33991
78086
41485
24403
28907
34828
33489
28747
51970
34458
24468
24367
31649
71174
86042
56864
88210
90436
14010
70173
51866
88540
37921
29003
34649
38376
61761
88376
93870
23260
16760
80263
30941
6716
79893
20144
56414
21980
13138
8241
71213
30396
47115
32231
97908
86543
86526
980
71089
62030
3694
97595
15470
2056
58636
65129
81759
85163
82711
78251
21711
84651
79037
27987
61204
17867
92203
99922
34864
39845
50422
20654
29590
8943
53054
54454
81019
37979
92998
59707
59364
99272
7647
22349
21546
13212
48880
98199
78008
41039
16141
86242
19876
57233
88639
5783
97115
49213
96557
75469
64551
82646
93231
83147
7397
30020
42878
25967
16931
63882
23751
83197
54079
82557
73191
25535
51468
4859
77153
64118
98700
94571
99018
40168
91534
60877
30969
76997
54044
88352
84192
72511
51687
72187
3683
12941
91822
3447
42613
74590
90093
55899
66429
38340
66735
80804
30190
87572
76129
63660
4040
8476
61031
14774
7064
26278
47419
45994
99141
13031
16563
66335
53770
89537
95883
56041
73094
47211
51822
54092
36555
59645
28898
84319
3976
31675
50296
98676
86556
44
41225
46610
46658
66021
85907
96102
25035
59039
43653
6506
45475
81485
72732
71265
10760
51443
83672
21160
28053
70414
13429
94383
44762
96953
34133
56858
84044
75091
9414
33042
29351
92900
11166
71208
49808
2508
64230
77499
82300
63784
82570
1097
46938
70948
76702
85089
51889
69614
70673
59954
14485
47294
47192
31570
80418
35495
56617
37396
6577
37440
31309
94469
47064
76377
30468
64292
17887
26626
1682
79207
81038
67415
99960
78974
73503
17316
34782
66677
6186
68895
83481
12793
19414
82258
56534
41498
37145
81143
27619
82432
80734
44587
51659
10396
34879
949
53572
52096
52887
49349
88452
69654
42797
71499
42781
4354
84537
74531
4391
10754
39110
8642
42411
76846
8976
70334
58301
31594
87710
93530
13188
48912
46380
92457
80183
93200
55127
59
7989
77889
31868
85094
23576
29445
64303
2344
1293
66570
12224
50789
80406
6700
13773
80198
35324
79142
88597
4715
57742
37903
18496
64982
26141
38831
21167
41422
61044
34324
70868
44580
30244
98924
32128
69035
28758
26233
81565
23658
11411
83320
5608
61885
69920
7459
70582
28422
84945
20412
51592
73747
19828
43772
48244
22003
90377
21706
7165
28625
84178
33166
15663
52465
48811
38394
69569
3812
73389
3622
85826
35580
72176
16598
67886
24395
1369
8185
64720
12062
21088
14964
95
12928
78069
69688
1173
13914
57857
73209
82751
49054
30763
21298
48763
34119
28230
49560
30175
38301
10728
9707
43205
25242
32841
48453
3681
72153
43176
39630
49856
98303
18603
55583
48767
9419
5904
30606
4998
4643
44779
72193
7680
87072
75343
53664
4255
18951
97073
46539
65630
13945
71487
48322
24394
85779
32297
96677
97542
35644
60683
68405
42867
47909
87562
11634
28735
42501
91737
65789
74390
32730
83434
31420
57646
29174
23607
53113
36629
7815
56812
12355
57103
95725
10496
307
60808
74880
70085
75984
29217
46352
12694
48000
9143
72716
2023
387
19390
85293
75767
81710
60345
80987
11145
13632
11881
79869
19406
48125
9304
75245
7723
3118
17500
12978
25668
91067
10930
98395
69330
84464
42912
5208
39093
22744
53856
38864
29873
57328
87061
91717
27893
88233
79673
14366
45266
57527
34323
54095
45946
92480
65825
78249
80698
47717
53784
26105
41218
40356
50185
14118
88256
69436
67217
72599
30341
35344
6219
28991
37902
9918
99568
82710
58288
8274
62155
142
98597
62007
21165
11966
18577
13693
41096
75083
77348
46508
44352
104
52320
18689
2715
43484
11519
8547
56641
34902
89762
85119
46700
62116
59321
71349
22664
2497
77293
18504
95816
30192
17441
58054
79867
74470
84454
74668
97919
64801
83265
96725
7547
41565
71396
13467
32504
78320
76897
72641
33560
57873
44105
52826
18312
71241
6793
70664
8237
44221
7772
29259
49111
77384
45619
1494
14200
57514
10543
22968
9255
52205
78234
33985
68868
31651
52133
66318
68031
58044
21128
85590
70627
95098
52978
68897
10243
58877
14055
19841
67210
60020
25028
30586
53398
38665
19486
96640
70047
43559
68326
22641
17349
79124
43117
48735
63653
84020
71267
48082
95268
11988
80595
12468
45319
49719
5402
733
35415
98565
18938
79817
36463
15247
72637
72686
94078
71650
82701
9969
48806
61254
67360
79957
88364
83350
40320
42093
67357
36169
73900
98254
4710
67458
31132
31061
22924
76569
47554
19178
25934
65636
10545
29251
9252
97110
78513
23637
63669
56854
23252
81629
47206
70081
7662
83252
65253
72235
9676
26823
1441
20364
50344
11224
42256
82489
52817
66563
92991
46279
82201
11334
91288
26778
46059
95592
62539
55388
73867
45430
14661
66280
37756
43735
37761
27299
52007
51240
67631
44160
77112
86403
82861
95359
47289
61648
84086
87565
51959
50882
47803
94811
42425
17804
20706
98115
70293
75855
46929
12580
35865
58200
31117
75329
20466
87575
23482
59355
45165
62831
75755
71125
59925
33021
66182
55160
45675
38583
51803
34085
46495
19459
35455
82267
15418
29596
7471
75066
95138
38559
47599
80865
28544
30352
10882
93580
51884
52841
78949
55815
50795
76057
44940
92289
49948
45947
13671
70155
57460
81397
95263
22926
6870
75025
98549
65111
93657
90712
41323
720
2872
82034
95805
37770
89923
90427
48315
78228
31404
3076
12693
24852
86138
69976
44259
41284
47598
50839
33366
62589
6103
73593
37226
33622
64866
67083
31084
23820
41920
21806
87206
14557
59736
52487
19070
12227
3996
66366
71730
31353
38391
18015
77558
76692
21069
1307
73317
93994
2594
10388
95762
11535
64486
79082
89030
74646
32761
6218
5745
57519
86554
62810
10735
27607
81062
66059
21888
67225
22485
2597
61794
35952
27291
78553
94298
12963
63685
16221
25012
68688
99165
13283
43202
80360
63627
51931
75214
83578
41219
42302
50480
84969
34542
34189
2687
62508
38366
3427
100000
44837
55902
15887
4545
90130
66177
6022
22044
79286
17123
85610
40759
18479
75668
8187
3566
94789
62491
50110
82540
98136
92675
42512
85470
52196
28534
58097
3626
47119
74
46376
26837
41058
47056
40691
72990
10379
46416
94311
28166
71399
71328
73556
22690
41805
3799
54209
61560
7654
46906
19136
20794
74000
82229
69666
46697
12337
52680
70379
16094
96317
53075
5336
80443
69193
83687
79646
66044
74072
88934
57762
75498
53604
2795
83044
66725
13252
29760
62152
56509
22810
60094
63221
33530
21140
25900
90577
69026
90313
35914
98977
48690
12258
17207
91055
84431
83602
57181
4741
91069
43234
20613
30295
62883
39684
59252
15746
36864
49771
83794
20948
66795
83447
54614
65442
53935
62466
36601
30886
88695
55188
22577
46319
64354
63335
31213
85064
17961
75335
13626
15087
59966
19462
886
3942
74026
7960
83344
11649
87026
5199
80821
71866
11380
68676
96354
69351
38004
12569
39990
87370
70438
19075
90019
97537
54344
32985
64757
39432
8569
17636
7456
14169
43507
8461
7855
25173
81620
44891
66610
79069
62259
54080
92993
72783
21765
64094
89753
29447
70016
24735
17888
36865
86529
80238
20469
18034
96440
4944
6558
25743
54744
54664
7255
45960
20237
12764
26530
87512
73477
94547
95007
22776
84712
15495
27192
9670
26273
69710
80989
42774
84144
76782
5987
26008
3336
80361
84053
26096
78424
22824
3877
60091
22813
18218
2238
28059
83415
26265
18826
3430
54450
5843
4369
28315
79325
76773
39405
58859
11638
73076
52002
72762
72461
11790
62914
62929
15383
79410
2578
28633
17001
39892
46951
79045
61258
26120
91978
24242
20268
37576
29682
62481
83644
60631
97372
84199
80258
58724
41777
31781
26052
46730
76090
8942
84069
94130
92516
64977
32541
99503
83758
69305
77992
70041
36075
94114
16948
45763
20267
20085
55881
60146
46463
79133
45485
44184
85503
99188
96626
42988
82404
22277
10878
27534
57105
42370
87839
69339
46825
60097
65406
45469
71657
2948
61778
73462
28800
29408
19480
3948
68022
9726
74814
60250
83708
29732
1227
35782
80770
48549
35923
48672
11424
55877
89835
10973
20916
32699
63324
56172
50354
76009
44078
1424
39614
74194
34865
61265
43040
61302
63272
86321
53890
4758
71412
79422
5495
61482
98435
45323
21450
23180
81610
80834
32032
53622
596
27418
4838
9422
55912
78152
51201
4151
67632
62604
59063
45904
83528
2129
94578
12630
74240
13993
84843
12953
7503
735
67446
30114
9279
51346
27614
96272
94378
61156
18221
29157
35093
91477
99792
45894
12264
13327
85554
55255
41889
17703
26322
87903
35973
89974
44884
49411
26997
23679
60085
10162
2757
38046
36275
50573
62538
51190
30150
14294
40596
82411
38468
7727
68589
31098
51500
34022
89008
26607
98900
48987
86
47865
49561
45442
15910
94473
52656
58979
27031
98072
41970
69290
15644
31304
16750
20634
86216
80567
51801
99573
64850
99991
78750
5406
62840
14070
99468
94400
23686
88777
25475
47753
59762
81353
47864
19310
38736
25779
65847
54006
59828
94887
18052
93434
87778
41766
35085
52592
95972
51649
36348
92319
45311
25017
48057
33538
51785
32743
94425
45497
45966
32216
42284
51921
7732
53833
40687
4667
51259
89758
7981
36567
67182
95352
24009
4714
22414
8987
49571
10415
1298
22245
72684
55304
70354
2881
29945
81078
24996
2223
71553
45561
19755
25897
37995
82637
32598
62121
37084
57119
68268
41940
59117
40772
40530
65793
42390
11394
4820
12340
99859
80166
4976
39310
73983
91314
65389
65706
82421
8420
16566
15961
48038
58444
42233
86371
91286
96269
38261
35214
28061
7711
94003
54109
89893
85875
57035
65265
75658
39867
20357
6398
37515
94892
93979
54669
90570
52561
63333
97557
80498
86155
58712
41569
37315
35184
25975
50836
70207
26330
20032
99069
89198
93046
73232
65213
3452
29451
65272
84506
41117
28057
49976
26583
78088
82005
8685
73223
12425
22753
2350
97397
2494
19880
23059
52974
2148
3371
62272
67736
95686
44714
95179
19118
18503
79549
28899
91782
25258
73198
92236
64139
57087
38732
55733
76336
35251
49417
21556
89545
34707
12787
3073
46728
32298
15556
45608
9044
99993
22640
47750
16576
82145
68818
35674
52782
83064
14270
38119
46424
30289
57775
87192
79776
44475
72866
27898
74598
25470
70219
41201
50545
92738
842
53870
64177
88871
371
44246
16503
85943
88794
8038
1208
31579
29479
43670
42265
25404
51212
99793
57184
55525
74007
88369
71996
90518
79564
88679
72968
30476
91721
2999
16922
97269
42088
52613
43150
7390
15122
49764
59794
20210
61346
5832
25889
9056
99953
60513
17539
6384
1769
39943
1581
87126
82397
7740
94813
70327
50020
85835
85495
65353
60986
65298
27551
42688
43105
50484
70042
58910
68763
71038
3386
21959
55408
15842
61657
51146
93393
9994
76292
96274
27845
82508
64383
46447
14183
70436
86093
10854
23344
27497
32186
39369
65193
65335
55006
50778
6313
11264
21914
5766
7182
18696
35465
48964
17690
20716
71824
4113
38221
70068
94525
22588
36589
32135
86565
58031
2476
22324
95818
65306
52836
91872
40076
34858
1217
61242
64479
58277
33573
49340
27020
18619
25179
70418
64596
23463
39334
65008
61207
71860
18785
18795
78665
87910
62265
62645
45726
78802
80487
78555
37140
49460
50505
5976
38856
40210
90292
83448
63149
7398
44918
11902
11592
33040
90669
27918
5179
55335
87909
31043
32100
84977
56024
63738
8498
29854
51426
87920
82974
94715
19018
23792
71057
10277
53544
85687
97866
76856
71435
65971
61709
3637
38839
41810
83274
41524
80244
24554
78542
18298
30645
37880
29650
15207
73948
7189
29416
86924
83960
72381
75800
36326
12007
3263
70467
98415
6003
3339
23783
8313
26665
52815
28565
77029
82441
35809
26397
44437
25166
57859
11539
28528
52801
7378
8673
67066
49241
71842
7495
69042
54777
8235
11779
70489
69640
98451
3905
37896
96859
52064
5980
15020
39657
90166
74801
47349
74410
73715
87557
21899
55919
46917
16473
54047
33274
22619
49309
9404
51311
53744
43182
32747
73306
14862
92010
66897
3269
41559
70421
31313
69162
68699
87372
7704
6999
43598
38651
94737
86516
25326
50125
31738
5999
22992
17388
37395
86818
27870
2883
53597
75119
88722
97061
40866
18325
83883
75346
91708
86460
76786
6969
26777
35581
92801
58133
14590
5087
31329
41396
24251
70908
11153
43122
30894
77571
88623
32835
37828
60239
98016
98405
31551
73429
78911
13413
31837
64968
85254
10941
93837
57282
11688
45737
75217
31686
30309
99341
64571
11728
20452
19875
33373
82538
67400
56321
55013
55251
77576
79624
88468
38712
14646
49067
46342
42827
72924
97871
55062
78835
34814
18995
46280
1151
56397
40695
39803
49052
90487
62073
25971
91218
41643
76109
15057
61037
11776
12718
49763
48884
69689
23086
93417
1636
1845
24460
90986
6732
42840
87291
57348
11517
66952
33296
92617
64310
27250
78626
19980
93352
10950
29922
88959
79275
37690
45047
60915
42193
25681
7975
77702
87062
94833
6239
70271
14153
62282
34813
90695
58254
49924
40657
3004
97425
68649
47311
36139
80402
77792
6635
16467
66765
84401
87015
18752
10870
95639
50762
25874
57165
43086
27657
17178
8347
83079
66094
78833
2798
29681
39865
92052
63492
81951
99990
75793
18599
94293
36887
37460
79129
70541
51479
84498
11386
70837
11715
87864
81638
36426
79562
63133
46780
10264
3552
4013
56035
48344
95541
97076
99009
94963
92028
61971
26779
72885
41359
99782
78716
33572
28040
54711
97659
97108
37376
61024
2093
91762
98655
32144
29693
34254
88172
61803
96333
12799
18373
98667
32469
97228
59203
78566
19455
76207
75442
5326
18772
93104
44545
43869
93222
34159
88296
49305
49642
2451
380
99046
15568
72766
45258
23681
1377
42995
13737
30629
56444
22815
50277
86308
4864
51295
87355
25717
16593
69441
68705
85773
45470
90148
60975
79353
34397
91401
20485
86969
37375
41709
79989
33385
95994
15878
60318
32845
17935
26202
67734
68024
50710
59287
11957
59258
12094
59113
80213
87973
16247
61805
18950
83317
68878
89277
36339
33066
43482
68865
73912
92641
61372
39086
7918
84045
99821
42518
82074
75731
67269
60135
62747
47939
90593
45123
54094
29350
66600
4736
10641
47770
95677
93476
93192
24070
34029
19067
52104
78095
4036
37955
327
6337
2455
49983
36366
84950
8977
85819
5813
96726
26994
73509
23938
26685
80224
80396
70077
52058
20418
64999
8910
51733
43701
54149
54438
17309
11668
98348
81107
27128
35174
53419
79376
32940
16491
61430
19364
49959
44146
42388
97138
42726
69159
13309
32448
48702
5265
96911
25024
75564
63825
79888
33869
23298
91682
42047
65477
87327
58155
86056
73840
88408
26061
6006
54231
35097
56362
53284
18498
88780
79941
32374
92761
28345
78186
26925
13230
57464
89136
65361
88995
32641
78382
25039
23825
13462
62994
92668
25627
8063
13389
26409
49889
59189
58345
68846
52582
22536
48890
76901
32938
79604
58065
2561
45773
78265
52338
13881
5547
38345
39601
63380
93545
49624
5490
83165
12940
78425
50217
72984
3156
52411
50274
29628
53693
86684
52905
40296
45186
24187
99049
53379
16220
2075
84046
22205
93209
15535
98569
94676
70992
29165
72576
50031
40682
23435
67942
94805
32303
2201
459
15566
15600
88728
78698
27856
53868
31112
94331
70130
30898
88035
48960
41255
52444
66998
5172
33278
90334
88243
53968
13523
78034
79426
62758
48367
68501
25362
58090
84430
60837
53216
75543
15427
83172
34028
91623
49080
70230
18024
23253
10461
20868
23894
74762
81998
94582
91734
13509
41425
15859
38146
10957
56911
68493
28989
11270
13133
25775
88041
57932
33956
78735
59286
88787
89022
41937
9697
71718
21843
11263
90224
51121
57576
31045
68505
32996
54180
74827
75305
18509
79459
73764
6976
54627
84275
59101
83229
87076
4902
93801
55764
7442
89243
87065
48048
16498
62534
68294
42723
18398
11830
22765
33506
23567
84347
80019
30793
19578
38813
7045
14448
34710
60900
18472
54886
48872
75311
11118
52951
29365
34908
88423
76784
58513
97411
29668
14641
76507
6891
44090
99706
96864
32788
52498
6115
86444
17834
29327
89045
24531
76493
77432
76089
90622
40951
46509
3595
27189
63350
93569
68490
68453
53326
30406
21139
86731
39145
92264
33656
45766
62101
41888
90968
40623
37878
3661
43982
92722
26183
53579
75440
75275
13665
68666
28038
17677
89947
82834
47782
51107
28920
54475
41513
92117
58666
64488
24022
31622
62648
85281
68804
56978
6521
99305
54490
91224
49938
77637
1460
48777
65318
72877
10821
67859
61986
50011
17918
44974
60826
67876
63413
47991
60072
6694
9648
62002
35436
60191
93441
6013
62055
18050
55326
30286
99454
67594
8912
83694
91414
44042
98119
25600
53403
93066
1930
47084
22501
68073
63029
95165
77363
55584
80461
58540
54097
88453
74207
58329
7112
39563
15056
53095
40383
57475
49968
91803
86916
49387
19574
68967
84904
39191
65744
26412
95321
502
42067
167
15090
8477
69598
96040
92653
64714
14436
18718
94178
98354
81179
35144
42696
70550
98675
82926
87328
78258
40863
16702
1054
22731
40104
18255
7914
15064
39450
78407
48584
27705
20676
1135
81285
11211
25956
15270
45019
5557
96030
23495
72730
38805
84094
29490
23977
75598
38620
57790
48397
92917
98787
58614
94280
3127
53651
83805
62536
6354
89625
78087
71587
18736
86979
3234
56285
45778
76308
65672
8434
53347
73359
7015
5398
35510
99491
83809
28739
97661
30604
45417
2922
42090
87764
92513
6453
58731
60704
27394
2285
10674
93924
25154
55238
50820
76711
42924
768
13266
59613
82299
53656
72671
47812
53668
70142
43513
9353
943
60065
78066
35167
45328
10982
67837
99522
13112
74044
16764
43541
79729
53550
95535
9642
50915
1224
73808
59332
61124
77260
71474
17419
65032
61957
77456
64871
44666
78334
14939
98360
86119
46336
41029
47759
63883
46931
45509
54801
36899
42716
2311
51281
55704
91343
56905
67646
85669
83333
30994
259
67549
59825
54761
36967
80507
34415
97418
53233
59550
24453
66906
59341
15514
49513
301
70878
13616
36008
64913
60724
52030
37123
17933
97058
94704
42683
45889
27541
64157
55698
84118
23437
96930
49535
5794
80663
65497
81496
59417
94741
66755
16499
93693
42216
2100
2049
42317
73218
43440
82922
19238
25807
4132
48291
99929
43980
75386
66660
23691
59817
7131
52823
72875
62843
62294
47997
61659
67186
66733
40714
54178
50429
70040
29401
31839
12290
54796
29644
13586
40936
10416
66500
33263
37844
21350
19546
67634
93325
58035
72355
31158
66815
31277
67455
86141
20316
47928
96961
68707
22816
66437
72379
35509
79794
55810
72386
58737
68576
12727
10441
85445
24754
39620
71184
43212
51341
56531
85846
58781
96137
20666
21327
40062
5615
76772
65727
40227
79329
31807
74424
7150
78317
37406
59269
223
64464
20945
19842
75102
2723
77437
33380
95882
37108
59279
63819
72543
87877
2110
62806
41639
92794
26503
20359
74980
89687
19312
64151
55286
67449
82716
61601
99157
81332
2939
99068
76539
43031
1434
6641
14205
36970
34784
1590
22567
75359
13446
93996
40137
57698
7807
18623
89094
60610
85034
13830
47633
50162
42030
78029
94854
40525
83313
91950
51741
89387
77461
45268
6054
36016
97821
22287
66051
87801
17145
60941
4022
7436
86319
21470
41045
26108
3576
12640
41260
35623
6900
73691
86566
64941
37191
46264
38018
45499
80796
88529
61529
90874
75218
44107
93935
20545
88196
66613
30577
91367
46068
44699
33631
80115
46976
4210
64752
60810
6257
57692
99964
41057
23313
7655
68685
49341
43725
59722
67394
57751
89188
30788
40299
76255
80345
9148
48134
65920
91078
1386
96777
75966
27152
40188
20800
79239
31402
67752
77427
73551
31170
65219
6282
91298
88040
42722
16571
10910
64485
62213
85635
18493
4131
32992
83014
62257
29427
75267
67139
65581
86450
8618
41362
59660
74333
69893
60201
62218
71032
93071
91607
93909
72724
35418
56758
7622
67115
65873
98194
86995
74948
6289
97993
16396
58959
2089
20104
91281
12055
12544
30535
85446
40114
82531
46627
7042
63934
10902
30786
15330
55475
44155
94694
75109
24537
84187
76858
9992
39498
27637
85044
94543
28853
25929
81848
66987
18671
91066
1461
63978
38010
9532
1107
8385
24516
32210
41064
47399
12979
39946
61721
13827
96602
31706
66406
58113
79528
82997
76697
10151
3873
99777
19121
69537
71696
19964
34030
24724
27616
29620
16352
22114
64029
10185
85876
62699
46008
31667
19101
30730
74540
47884
64025
33769
56772
40254
39085
79712
82395
71558
29847
29118
4357
28035
74711
34334
34053
12691
5695
21091
74829
6330
86919
1195
99734
76200
48776
58303
75558
61773
79746
42710
9037
83923
51474
99071
36968
12061
7929
73637
76431
30327
89790
55503
9764
6552
67512
39057
6248
11822
98669
69063
2153
91888
7368
31783
63132
33309
7423
55673
75409
57066
75794
22344
35123
94036
1547
8249
42511
62328
21263
54718
21385
17459
98556
79183
83226
41104
8111
30362
74655
87566
71055
76778
9400
87933
160
92251
17662
39581
15296
84648
25116
11548
93898
93651
45596
2500
25684
69265
5762
47418
30377
41790
53733
71957
64506
21411
57112
55922
56453
71398
26666
72361
31037
25759
68709
55070
33661
21910
32702
13577
86618
43249
60236
49063
82154
22503
311
32946
11286
86582
37709
57953
80757
41741
15640
55836
11013
94075
68858
59373
50263
53041
40271
12676
38247
6564
25273
47103
38667
52715
53471
68003
88560
35763
49973
67166
16890
75277
45155
97804
30491
50619
25647
43223
27090
95410
10079
97875
23771
11945
64639
61918
21564
27380
65080
58162
3331
90038
19591
60634
43115
22879
13002
26329
97132
43114
95654
95452
15359
30881
1864
35505
10451
84793
64434
56234
99849
11937
26528
54032
81128
81472
51089
21103
68038
79708
15505
97006
24521
39216
91570
65928
25293
74689
65615
7741
1812
90103
7952
52681
88279
56171
41248
97288
61998
64934
15178
98456
46117
58605
45371
25709
80110
68799
23187
4640
94325
74380
71292
61401
31515
60320
66433
99202
30882
18908
85348
92164
46553
92006
91855
53189
19927
3629
92660
79005
87066
74362
53783
4871
79201
83119
32377
43970
77848
56211
9456
36066
50771
89207
58727
97239
34855
96489
33295
71288
97531
51627
65286
22704
85777
4961
87798
70393
54194
17828
31549
34840
44999
76935
3225
9379
28879
62168
19234
54283
1834
27093
44735
40144
12092
30737
76808
65316
34329
60909
60525
18354
76960
32226
13775
7933
31553
95525
36393
38360
92891
73433
50827
27303
64704
46895
36673
91519
13050
34292
14155
669
53972
28880
79778
79259
66258
64633
53378
2903
90532
21588
29006
89755
56481
52153
6357
48157
43790
63074
53146
98992
2967
74997
34126
33839
20472
68394
71832
44968
63257
25731
58543
94393
10752
8206
18532
59236
50934
24263
88091
97931
66374
17919
65160
16885
81427
96617
81021
81571
19013
54670
3002
52952
44628
46749
94362
7901
89720
71375
68728
72428
51509
91046
57958
65226
15933
88325
14530
98678
16694
78376
28441
39843
21638
64132
39897
31354
48320
86856
20247
89589
72934
54116
1770
58017
6494
27122
37260
10457
52310
52871
72139
6839
53581
9258
2670
86507
79346
28377
27905
88551
28820
59271
32987
94801
60386
75161
92035
87777
28971
98567
55040
37324
92695
76578
80092
67017
23038
1081
73812
25754
35485
75190
81009
66242
93544
34318
21395
76744
98817
53632
72533
15316
64847
52967
83037
50852
43685
90725
63489
24451
44474
45732
99543
66506
31328
19482
31598
51566
36649
67069
822
26614
86197
70363
46338
78143
99952
44320
65857
27748
59263
6355
13385
66273
16024
18131
28139
29012
97854
82720
23983
35793
57277
33438
30962
64208
10362
57811
93681
50745
43268
93405
12703
717
58620
1608
25508
598
57578
85707
34532
64195
96702
10424
90583
31303
98139
71160
54516
27092
18203
27041
73935
88148
49802
5163
84068
82941
46092
51608
46313
55458
59704
14320
72993
47898
99113
39542
59304
97706
95981
96486
84988
41136
48118
87824
6234
75233
98179
44611
62802
85024
49271
68332
14853
35031
47711
49520
57434
45309
81039
84611
14785
94989
19570
13490
31906
33107
7742
18956
81069
79316
18374
7401
94412
30568
42074
23297
46497
44770
28662
9876
89948
98844
21481
17353
43631
83137
44425
26581
44330
33215
23472
80779
7990
89514
18097
61238
2481
1898
6276
82420
86947
63723
59398
66212
91869
96332
91240
18613
30441
70211
4746
76056
38383
89930
3807
88868
61281
26147
43480
52394
66868
9551
24885
39835
92258
34033
74954
10832
53458
41169
15690
293
33124
3852
51172
18074
71302
29494
51430
53966
36286
41735
20366
80573
49625
16691
26892
59718
52628
25474
28707
75708
91362
68633
83517
23452
47411
16443
54133
78136
80931
70254
22358
60004
48223
62635
77682
63205
48004
82449
81948
52593
9253
23889
821
5049
64421
86342
1586
71258
99509
89171
51773
26075
28666
77997
55393
60886
74636
63559
98703
45362
79262
18709
30888
20246
86058
22023
41085
63942
37282
76684
46075
62952
3840
42162
96215
26686
10800
24840
71192
89855
48569
82333
21635
11953
90619
86233
73756
80961
59470
78498
71725
50048
31771
61006
19770
51432
87422
58508
22356
34895
61845
82194
92631
5037
58615
16047
1792
20974
10874
61160
85125
53633
76070
70399
63758
52588
15017
90539
32698
44677
67392
20673
42068
26134
31164
55816
79006
11177
55440
51795
88336
18265
81546
94051
58004
38492
17708
9849
38099
9334
79372
13222
15367
75258
18904
67031
61220
90591
10580
25219
40821
60107
56170
21060
43221
19846
45121
31854
38515
4522
99263
53346
62781
33695
4805
69858
64568
60468
47940
11993
61512
7967
99868
25162
92427
63555
39111
336
56606
41143
65003
20600
23221
70316
93798
5231
19792
41681
14664
48962
77078
5364
39255
42643
81371
56487
54141
27890
43352
46768
7813
10356
56662
86153
32000
3097
56351
62285
91396
43132
6929
61053
81401
68444
6475
21118
98433
98455
70607
55542
67656
51948
61487
72792
72695
46828
10488
32514
6620
59256
15485
50428
75589
89561
43850
61388
24017
51558
4765
91714
86225
41586
10253
23469
32663
53131
54674
74684
68093
7091
85714
49658
71905
75430
7999
43366
40553
52904
30235
53360
4300
81096
44187
26222
3450
86678
45490
23615
88822
88724
28543
4233
87499
44664
42617
42244
81656
48481
2827
26088
52923
48624
94736
75901
33778
98189
10428
67074
70545
15479
61067
25030
74020
22352
70401
98396
84052
17655
28071
78047
95578
23901
97230
85307
6661
48996