5197
9947
8257
8666
4656
356
2134
7626
5029
6759
9739
8907
5809
1480
7215
3303
4257
3835
8567
1888
3347
6636
682
2793
3013
7007
9869
1384
9418
7987
7201
6621
3492
4624
4943
1539
2318
3428
4853
3589
8180
359
1980
5745
7995
3209
256
6533
4381
1227
6402
398
493
2291
1785
2698
2104
3058
1244
2772
8796
7223
564
7393
9326
5935
9512
1813
639
4112
7327
5471
2997
5609
5843
6501
5785
3993
5999
6822
4834
6163
8330
8783
153
7142
7751
8968
962
8535
9745
32
339
1001
3746
2685
8227
6577
4372
7212
3001
1954
2196
3266
9646
4486
537
7797
5348
6139
4784
6574
4293
6858
8297
7525
1877
5555
7885
5177
7335
3006
970
4805
2827
1774
947
6358
1782
960
5772
3403
9510
1017
2819
3142
3890
6987
9774
9432
5254
5677
7555
9559
635
1929
3213
440
7211
5369
2357
3218
3898
9053
8919
1216
8560
5114
5586
2053
6145
1958
1098
906
8005
6863
8053
9441
8623
2488
1653
3279
5223
5491
4250
4854
9558
1305
9679
8778
7378
1370
691
1881
8955
5031
9692
7597
542
9700
2738
5575
2343
9099
5181
2803
280
5499
5716
6667
4008
8457
6500
3066
6101
4869
7219
8098
1436
7218
282
8547
603
7920
7123
4755
2612
1310
6312
7908
4707
4795
3038
9941
2748
2973
6155
9752
3098
6512
7302
6712
8428
1231
9328
6798
6149
6290
8262
1057
8500
4974
2431
7400
8585
9274
3860
9216
424
1710
6953
335
5973
733
1180
4732
2206
6579
8671
743
2840
1740
6689
4831
4674
952
4709
9733
1401
8108
9494
1819
9375
5386
7391
7941
4634
9017
6608
109
5452
9161
3157
7947
4351
7538
4279
7512
9439
5149
4575
583
8770
7042
2378
7720
7981
6381
5218
8139
1313
6760
8874
9021
1233
19
427
7793
8026
2253
882
865
3817
1602
7781
7176
151
2410
7247
9005
925
6055
5805
8258
5231
169
9694
176
3416
8423
2334
8376
1265
5486
9648
4296
1174
277
1801
2590
98
7482
1870
299
1957
9872
6749
362
5148
7407
2714
5155
9180
7528
7901
8558
6657
9068
9035
1742
9911
5118
3190
3581
666
8284
3779
2774
1905
5205
3768
7603
468
8394
819
5421
498
3715
5196
6045
5275
2231
4221
2575
9832
1015
8241
1570
899
4387
2238
1765
2260
8797
3381
58
7922
1320
3812
3596
2480
8678
3437
1014
3035
6010
8212
5151
6066
1289
2568
5945
659
8580
3610
9409
5862
5612
1251
4748
1606
2905
3935
2522
1353
4149
7022
3796
7282
2549
9488
789
4645
4062
5770
2311
1446
2418
5921
6772
1592
16
3181
7843
4705
3964
968
3670
3937
1684
1473
5013
4165
7008
4189
1638
737
6205
8030
3241
6989
674
2489
6448
4199
5776
1214
8152
2883
195
2249
8243
1300
8804
7076
8748
9157
2322
7921
5990
8163
586
7530
9602
1576
7045
1122
56
1492
6546
798