2638
1172
8850
6028
8746
5455
6708
4983
6998
9223
3639
5262
1749
6376
6344
4256
3544
4490
6638
4910
7003
1769
1628
828
5594
9639
7053
4173
9064
3127
8244
5692
5750
6087
1284
2454
67
9845
1516
3392
8848
9547
1131
1918
4156
4438
5026
6390
7225
6582
2978
7463
9256
9011
9800
9494
2751
2594
2831
5723
4559
56
7008
5695
8986
8753
3798
9825
3471
4609
9938
4774
6586
9319
9933
2469
7060
4625
2136
7699
8759
9798
3903
9699
7204
735
703
7139
6864
2677
9858
5583
504
2503
7504
2004
9498
3324
7499
5596
3663
3863
6054
5719
26
6017
431
3926
9436
4122
3281
7407
8908
6712
719
3657
2561
8279
2446
7833
8692
1549
5350
8932
7324
5766
450
8877
2615
7760
5047
6548
5727
8293
5974
533
2798
3716
3901
7714
9364
12
7239
6700
9134
7447
8012
9481
2149
9369
315
4660
7776
2571
1669
5312
2176
3942
519
4815
9232
5044
7435
9847
22
6902
2332
7990
2601
6015
2409
9453
2360
1589
7667
862
6510
7732
9896
9540
3643
8212
8405
8734
1121
3634
4737
2379
8365
2034
8109
5093
7456
1267
9517
419
9354
2399
830
428
7757
8562
2977
9399
9518
1478
8603
87
7432
9856
8756
5275
8581
2468
1198
3788
5022
3375
3354
5442
614
2705
3746
223
4109
8068
1593
3287
2300
4858
7903
4771
6496
9852
7193
5309
4859
6714
949
9109
8979
71
5840
4486
1968
5012
4665
9864
2669
9176
1225
2596
2922
3304
3046
3703
8493
2885
6914
6809
1572
8204
5752
3161
1793
5950
9748
9499
6737
9068
6661
740
8389
5170
7960
7647
3439
1035
6777
4049
4007
1730
2623
5816
4453
9402
5456
3873
4975
8147
5278
4071
8739
472
9262
6014
2062
4135
3671
8145
8809
9596
5530
3169
4567
6634
8702
1467
953
8526
9930
1155
4068
7694
5234
678
4816
207
6047
3038
997
6134
364
8961
7261
8864
3180
5503
3242
4132
31
2867
6836
7532
25
1352
6763
8678
2097
4154
8105
5313
1797
4439
3286
9042
8007
4483
169
846
3284
9380
7381
5611
5963
9679
9026
711
1250
6040
7026
547
4393
7899
1049
7885
9735
8065
9729
8150
6503
5472
3353
8519
7469
4837
1427
7651
2612
9884
9081
5721
5269
9362
3641
883
4978
6481
5558
4313
2329
1671
2732
7448
2301
429
5486
7120
6798
3547
8391
5277
4100
7980
1699
6683
9923
7631
4743
3109
5991
782
1323
8444
9180
2764
2164
9155
9046
6568
800
6393
870
812
1691
1238
9640
3285
6969
6721
568
856
6096
3932
7567
8786
4201
3430
2096
4221
5606
1262
1396
7572
1896
62
8657
5333
801
1400
9841
4242
1665
3726
2637
3218
7218
4751
1584
1429
7766
3222
971
2888
94
9991
5010
6944
6886
1661
5410
7668
6768
7905
8905
6419
4423
6362
6630
3954
9346
8123
5985
2396
581
1045
6266
8529
905
7991
3170
3899
976
4932
1298
7280
3270
1281
7397
2530
1736
2121
5447
8255
7327
5261
4853
237
7122
2380
5062
8175
8723
6352
6441
7848
2148
6463
6341
9489
4987
7346
7678
2974
5356
5306
6056
4404
8382
7976
1135
6422
2076
1970
8716
89
5768
9217
9977
6319
8543
9536
9035
2994
2232
9713
2419
7674
6846
3693
5953
2424
9574
1922
923
7778
7146
1116
3131
1485
5774
7037
1616
6922
8208
9525
1071
9921
6339
3781
4130
8101
4175
2306
8326
5909
6293
1973
2536
9373
2859
3411
7073
7788
2418
9613
7663
9988
7971
858
2853
4086
3111
5308
6075
8637
3492
3940
5118
9415
9230
6211
8768
9347
3818
6556
6838
6975
8386
382
6660
5069
6329
3965
9041
1824
4892
2188
5588
8477
380
4015
8975
1566
868
1327
666
3486
5061
9381
3133
4871
8356
664
75
2115
152
3845
6887
3529
5666
4947
7794
5464
283
7545
4638
7171
6558
1241
9469
705
45
9554
4583
699
3389
5509
7483
4747
214
6501
4828
1390
8585
4362
6005
1539
9949
8303
6926
7017
7632
1480
4168
7268
5966
360
4187
5233
5616
9820
7317
7176
9869
6527
5006
907
8684
6007
8436
4819
6217
6450
2938
9634
2186
1060
6792
6196
7736
6011
2628
8280
1518
1524
2441
396
5892
3777
6903
2700
915
2373
256
5844
4888
4880
2464
3580
6238
1271
1632
6243
5480
902
2245
9236
529
4885
3815
7858
5535
1721
4877
4136
9625
7625
220
164
6240
3232
936
2235
2685
3006
7149
3366
2781
8589
8887
1708
4319
1166
1129
1037
7614
7182
1681
4735
6826
9817
5733
6876
5415
1853
7455
9670
9500
5813
2996
1329
9365
3918
3581
6236
8688
8275
4694
8355
8978
2652
1151
6786
1798
9396
5945
3480
2168
7743
4519
4124
5190
3545
9587
6233
9385
1207
5814
3672
7505
5837
8069
2614
3083
9940
47
4766
7394
6904
3753
1733
3769
1838
3013
946
3104
3894
3014
1255
8881
3990
2434
9348
6485
6520
1383
8454
6177
9257
6960
7248
7183
6377
5648
1639
7376
6113
1640
2348
5524
3299
6368
1130
2598
1895
1905
7478
7603
5613
5310
5326
9060
9968
8563
7401
388
4566
7807
5345
9973
5955
9643
4102
9014
8505
4141
8236
9509
4575
341
2144
4174
7608
7178
5279
5525
9031
8638
5384
9556
72
2049
5030
4474
9546
613
7715
9468
5598
3747
1745
6941
1994
6693
5549
7826
4287
6631
9867
1755
4452
4466
7426
9121
2477
9823
1377
3655
6525
4418
1992
6815
2663
1559
5910
1425
3662
1399
4234
2172
2225
4790
2552
6642
9604
3213
5669
6736
8552
4317
6898
8455
17
7559
7228
4798
4708
2988
5781
844
3694
8680
9667
2019
8937
4408
5641
3727
3274
5656
3715
147
3466
9080
9965